************************************************************************
file with basedata            : 50J2M2R.BAS
initial value random generator: 1580635719
************************************************************************
projects                      :  1
jobs (incl. supersource/sink ):  52
horizon                       :  381
RESOURCES
  - renewable                 :  2   R
  - nonrenewable              :  0   N
  - doubly constrained        :  0   D
************************************************************************
PROJECT INFORMATION:
pronr.  #jobs rel.date duedate tardcost  MPM-Time
    1     50      0       55       36       55
************************************************************************
PRECEDENCE RELATIONS:
jobnr.    #modes  #successors   successors
   1        1          2           2   3
   2        2          3           5   6  10
   3        2          3           4  17  25
   4        2          3           7  35  45
   5        2          3          11  18  19
   6        2          2          15  23
   7        2          3           8  12  39
   8        2          3           9  14  41
   9        2          3          24  29  31
  10        2          1          13
  11        2          3          16  20  22
  12        2          1          14
  13        2          1          17
  14        2          1          47
  15        2          2          21  25
  16        2          1          28
  17        2          1          22
  18        2          2          34  50
  19        2          1          26
  20        2          2          32  33
  21        2          1          38
  22        2          1          27
  23        2          1          38
  24        2          1          38
  25        2          1          43
  26        2          1          30
  27        2          2          37  47
  28        2          1          36
  29        2          1          44
  30        2          1          41
  31        2          1          43
  32        2          1          46
  33        2          1          47
  34        2          1          35
  35        2          2          37  42
  36        2          3          37  42  49
  37        2          2          40  41
  38        2          1          51
  39        2          1          44
  40        2          1          48
  41        2          1          46
  42        2          1          46
  43        2          1          50
  44        2          1          50
  45        2          2          48  49
  46        2          1          48
  47        2          1          49
  48        2          1          51
  49        2          1          51
  50        2          1          52
  51        2          1          52
  52        1          0        
************************************************************************
REQUESTS/DURATIONS:
jobnr. mode duration  R 1  R 2
------------------------------------------------------------------------
  1      1     0       0    0
  2      1     9       0    9
         2     9      10    0
  3      1     8       4    0
         2    10       0    3
  4      1     8       0    4
         2    10       3    0
  5      1     1       4    0
         2     3       0    5
  6      1     2       0    3
         2     5       8    0
  7      1     4       4    0
         2     9       0    9
  8      1     3       8    0
         2     3       0    5
  9      1     5       6    0
         2     6       0    8
 10      1     4       5    0
         2     5       4    0
 11      1     1       0    5
         2     9       0    3
 12      1     4       0    4
         2     5       6    0
 13      1     2       7    0
         2     6       0    8
 14      1     9       0    5
         2     9       4    0
 15      1     3       0    6
         2     8       5    0
 16      1     4       0    4
         2    10      10    0
 17      1     2       6    0
         2    10       5    0
 18      1     5       0    8
         2     6       9    0
 19      1     5       3    0
         2     5       0    8
 20      1     2       9    0
         2     5       0    9
 21      1     2       2    0
         2     7       1    0
 22      1     6       9    0
         2     7       8    0
 23      1     4       6    0
         2     8       4    0
 24      1     5       0    6
         2     6      10    0
 25      1     7       0    3
         2     9       0    2
 26      1     6       0    5
         2     6       4    0
 27      1     5       8    0
         2    10       6    0
 28      1     6       4    0
         2    10       0    8
 29      1     2       0   10
         2     9       6    0
 30      1     8       7    0
         2    10       0    6
 31      1     6       9    0
         2     6       0    7
 32      1     3       0    5
         2     7      10    0
 33      1     2      10    0
         2     8       0    1
 34      1     5       0    7
         2     6       0    4
 35      1     3       9    0
         2     9       5    0
 36      1     4       6    0
         2     8       0    9
 37      1     3       3    0
         2     8       0   10
 38      1     4       0    3
         2     9       0    2
 39      1     7       0    4
         2     9       2    0
 40      1     4       8    0
         2     5       6    0
 41      1     3       0    7
         2     6       2    0
 42      1     5       0    8
         2    10       0    3
 43      1     1       0    6
         2    10       5    0
 44      1     5       0    5
         2     7       2    0
 45      1     2       0    7
         2     8       0    4
 46      1     2       6    0
         2     5       4    0
 47      1     7       0    7
         2    10       0    3
 48      1     5       2    0
         2     7       0    4
 49      1     9       0    5
         2    10       5    0
 50      1     8       6    0
         2     9       0    3
 51      1     6       5    0
         2     9       0    3
 52      1     0       0    0
************************************************************************
RESOURCEAVAILABILITIES:
  R 1  R 2
   19   14
************************************************************************
