************************************************************************
file with basedata            : 50J2M2R.BAS
initial value random generator: 333795388
************************************************************************
projects                      :  1
jobs (incl. supersource/sink ):  52
horizon                       :  352
RESOURCES
  - renewable                 :  2   R
  - nonrenewable              :  0   N
  - doubly constrained        :  0   D
************************************************************************
PROJECT INFORMATION:
pronr.  #jobs rel.date duedate tardcost  MPM-Time
    1     50      0       53       34       53
************************************************************************
PRECEDENCE RELATIONS:
jobnr.    #modes  #successors   successors
   1        1          1           2
   2        2          3           3   4   5
   3        2          3           6   7  12
   4        2          3          14  15  26
   5        2          1          42
   6        2          2           9  11
   7        2          2           8  23
   8        2          2          38  51
   9        2          3          10  13  16
  10        2          1          46
  11        2          2          20  25
  12        2          1          34
  13        2          1          28
  14        2          3          21  32  39
  15        2          3          17  18  24
  16        2          1          18
  17        2          1          35
  18        2          1          19
  19        2          1          33
  20        2          2          22  31
  21        2          2          42  43
  22        2          1          47
  23        2          1          37
  24        2          2          29  41
  25        2          2          45  48
  26        2          3          27  36  39
  27        2          1          38
  28        2          2          29  47
  29        2          1          30
  30        2          1          45
  31        2          1          37
  32        2          1          34
  33        2          1          40
  34        2          2          35  50
  35        2          1          36
  36        2          2          42  46
  37        2          1          43
  38        2          1          41
  39        2          2          40  49
  40        2          1          46
  41        2          1          44
  42        2          1          51
  43        2          2          44  45
  44        2          1          49
  45        2          1          49
  46        2          1          47
  47        2          1          51
  48        2          1          50
  49        2          1          50
  50        2          1          52
  51        2          1          52
  52        1          0        
************************************************************************
REQUESTS/DURATIONS:
jobnr. mode duration  R 1  R 2
------------------------------------------------------------------------
  1      1     0       0    0
  2      1     4       0    2
         2     6       7    0
  3      1     5       9    0
         2     8       6    0
  4      1     1       3    0
         2     3       0    5
  5      1     1       0    6
         2     1       6    0
  6      1     7       0    9
         2     9       2    0
  7      1     1       0    3
         2     8       0    2
  8      1     4       0    5
         2     8       0    2
  9      1     6       0    3
         2     8       3    0
 10      1     4       8    0
         2     9       0    3
 11      1     3       2    0
         2     9       0    2
 12      1     7       6    0
         2     7       0    1
 13      1     1       4    0
         2     7       0    8
 14      1     3       0    3
         2     5       5    0
 15      1     3       6    0
         2     9       4    0
 16      1     5       0    9
         2     8       0    8
 17      1     4       8    0
         2     5       4    0
 18      1     6       4    0
         2     7       0    6
 19      1     1       8    0
         2     3       5    0
 20      1     4       0    9
         2     5       0    7
 21      1     3       0    7
         2     6       7    0
 22      1     6       0    6
         2     9       0    4
 23      1     4       0    3
         2    10       5    0
 24      1     7       3    0
         2     9       0    8
 25      1     8       6    0
         2     8       0   10
 26      1     6       5    0
         2    10       0    6
 27      1     4       7    0
         2     6       0    6
 28      1     5       0    8
         2     5       8    0
 29      1     6       4    0
         2     9       2    0
 30      1     5       6    0
         2    10       1    0
 31      1     1       0    6
         2     7       4    0
 32      1     4       0    3
         2     5       1    0
 33      1     6       0    2
         2    10       4    0
 34      1     2       0    6
         2     4       0    3
 35      1     8       9    0
         2    10       3    0
 36      1     6       9    0
         2     8       8    0
 37      1     2       8    0
         2     9       0    7
 38      1     2       9    0
         2     2       0    6
 39      1     5       5    0
         2    10       0    6
 40      1     4       0    3
         2    10       0    2
 41      1     5       2    0
         2    10       0    4
 42      1     1       0    8
         2     2       4    0
 43      1     1       8    0
         2     3       0    2
 44      1     8       0    5
         2     8      10    0
 45      1     1       0    4
         2     9       5    0
 46      1     4       7    0
         2     5       1    0
 47      1     2       9    0
         2     2       0    1
 48      1     2       5    0
         2     7       2    0
 49      1     6       0    8
         2     7       0    6
 50      1     5       6    0
         2     9       0   10
 51      1     3       2    0
         2     8       0    9
 52      1     0       0    0
************************************************************************
RESOURCEAVAILABILITIES:
  R 1  R 2
   15   16
************************************************************************
