************************************************************************
file with basedata            : 50J2M2R.BAS
initial value random generator: 841030867
************************************************************************
projects                      :  1
jobs (incl. supersource/sink ):  52
horizon                       :  366
RESOURCES
  - renewable                 :  2   R
  - nonrenewable              :  0   N
  - doubly constrained        :  0   D
************************************************************************
PROJECT INFORMATION:
pronr.  #jobs rel.date duedate tardcost  MPM-Time
    1     50      0       58       11       58
************************************************************************
PRECEDENCE RELATIONS:
jobnr.    #modes  #successors   successors
   1        1          3           2   3   4
   2        2          3           9  13  18
   3        2          2           5   6
   4        2          3           7  18  19
   5        2          2          11  24
   6        2          3          14  16  34
   7        2          2           8  31
   8        2          2          10  23
   9        2          1          41
  10        2          2          17  20
  11        2          2          12  43
  12        2          1          15
  13        2          1          28
  14        2          1          27
  15        2          3          27  33  45
  16        2          2          25  41
  17        2          1          49
  18        2          2          35  47
  19        2          3          21  22  35
  20        2          2          40  46
  21        2          1          43
  22        2          2          39  43
  23        2          1          26
  24        2          3          29  30  37
  25        2          1          33
  26        2          1          47
  27        2          1          38
  28        2          1          31
  29        2          2          44  50
  30        2          2          32  40
  31        2          1          42
  32        2          1          49
  33        2          1          36
  34        2          1          39
  35        2          1          41
  36        2          1          42
  37        2          1          46
  38        2          1          49
  39        2          2          50  51
  40        2          1          51
  41        2          1          48
  42        2          1          44
  43        2          1          45
  44        2          1          46
  45        2          1          48
  46        2          1          47
  47        2          1          48
  48        2          1          51
  49        2          1          50
  50        2          1          52
  51        2          1          52
  52        1          0        
************************************************************************
REQUESTS/DURATIONS:
jobnr. mode duration  R 1  R 2
------------------------------------------------------------------------
  1      1     0       0    0
  2      1     2       0    6
         2     5       0    5
  3      1     8       4    0
         2     8       0    7
  4      1     1       0    5
         2     3       8    0
  5      1     3       0    5
         2     4       4    0
  6      1     1       8    0
         2    10       2    0
  7      1     6       0   10
         2     9       8    0
  8      1     7       0    5
         2     9       7    0
  9      1     6       0    6
         2     8       6    0
 10      1     2       0   10
         2     9       0    8
 11      1     6       8    0
         2     8       7    0
 12      1     6       0    3
         2     9       9    0
 13      1     1       0    9
         2     2       0    7
 14      1     1       0    5
         2     8      10    0
 15      1     4       0    4
         2     6       5    0
 16      1     6       0   10
         2     9       4    0
 17      1     2       0    8
         2     3       0    7
 18      1     2       0    3
         2     5       4    0
 19      1     1       0    2
         2    10       3    0
 20      1     6       0    8
         2     9       5    0
 21      1     7       0    5
         2     9       8    0
 22      1     3       9    0
         2     9       0    4
 23      1     1       6    0
         2     9       5    0
 24      1     6       9    0
         2     9       3    0
 25      1     3       0    8
         2     4       0    7
 26      1     8       0    1
         2     8       3    0
 27      1     6       0    7
         2     9       6    0
 28      1     6       0    8
         2     6       6    0
 29      1     3       8    0
         2     5       0    6
 30      1     2       1    0
         2     4       0    3
 31      1     9       4    0
         2    10       0    4
 32      1     7       6    0
         2    10       0    3
 33      1     2       6    0
         2     5       4    0
 34      1     5       5    0
         2     7       4    0
 35      1     3       0    6
         2     8       6    0
 36      1     3       9    0
         2     8       7    0
 37      1     3       1    0
         2     8       0    9
 38      1     1       6    0
         2     4       3    0
 39      1     2       0    2
         2     8       2    0
 40      1    10       0    9
         2    10       6    0
 41      1     2       0    4
         2     7       5    0
 42      1     1       5    0
         2     2       4    0
 43      1     7       7    0
         2    10       5    0
 44      1     8       0    3
         2     9       2    0
 45      1     7       4    0
         2     9       3    0
 46      1    10       0    2
         2    10       4    0
 47      1     2      10    0
         2     8       8    0
 48      1     4       6    0
         2     8       0    7
 49      1     3       6    0
         2    10       0    3
 50      1     1       0    8
         2     6       0    7
 51      1     1       0    8
         2     3      10    0
 52      1     0       0    0
************************************************************************
RESOURCEAVAILABILITIES:
  R 1  R 2
   20   16
************************************************************************
