************************************************************************
file with basedata            : 50J2M2R.BAS
initial value random generator: 1452927201
************************************************************************
projects                      :  1
jobs (incl. supersource/sink ):  52
horizon                       :  352
RESOURCES
  - renewable                 :  2   R
  - nonrenewable              :  0   N
  - doubly constrained        :  0   D
************************************************************************
PROJECT INFORMATION:
pronr.  #jobs rel.date duedate tardcost  MPM-Time
    1     50      0       48       41       48
************************************************************************
PRECEDENCE RELATIONS:
jobnr.    #modes  #successors   successors
   1        1          1           2
   2        2          3           3   7   9
   3        2          3           4   5  20
   4        2          3          17  27  37
   5        2          2           6  31
   6        2          1          30
   7        2          3           8  10  19
   8        2          3          12  16  18
   9        2          1          15
  10        2          3          11  25  36
  11        2          1          21
  12        2          3          13  14  22
  13        2          2          43  48
  14        2          1          25
  15        2          3          26  32  40
  16        2          1          28
  17        2          3          24  33  35
  18        2          2          41  45
  19        2          1          47
  20        2          1          39
  21        2          2          32  40
  22        2          1          23
  23        2          1          48
  24        2          1          29
  25        2          1          42
  26        2          1          29
  27        2          2          36  38
  28        2          1          42
  29        2          2          38  44
  30        2          2          32  43
  31        2          1          46
  32        2          1          34
  33        2          1          34
  34        2          1          38
  35        2          1          50
  36        2          1          47
  37        2          1          48
  38        2          1          42
  39        2          1          44
  40        2          2          49  51
  41        2          1          46
  42        2          1          45
  43        2          1          46
  44        2          2          45  51
  45        2          1          47
  46        2          1          51
  47        2          1          49
  48        2          1          49
  49        2          1          50
  50        2          1          52
  51        2          1          52
  52        1          0        
************************************************************************
REQUESTS/DURATIONS:
jobnr. mode duration  R 1  R 2
------------------------------------------------------------------------
  1      1     0       0    0
  2      1     6       4    0
         2    10       0    4
  3      1     1       5    0
         2     7       0    4
  4      1     8       0    5
         2     8       5    0
  5      1     1       0    5
         2     2       0    3
  6      1     1       7    0
         2     4       6    0
  7      1     2       0    7
         2    10       2    0
  8      1     4       0    9
         2    10       0    8
  9      1     2       6    0
         2     8       0    7
 10      1     5       0    8
         2     5       2    0
 11      1     3       1    0
         2     5       0    3
 12      1     2       0    9
         2     7       0    6
 13      1     2       0    5
         2     6       0    4
 14      1     3       0    7
         2     7       0    6
 15      1     1       2    0
         2     1       0    9
 16      1     1       0    9
         2     3       0    8
 17      1     1       4    0
         2     4       0    1
 18      1     6       0    4
         2     7       4    0
 19      1     3       6    0
         2    10       0    7
 20      1     4       0    5
         2     7       1    0
 21      1     3       0    6
         2     3       2    0
 22      1    10       0    8
         2    10       4    0
 23      1     8       5    0
         2    10       0    5
 24      1     3       0    2
         2    10       4    0
 25      1     3       5    0
         2     6       3    0
 26      1     4       8    0
         2    10       5    0
 27      1     8       5    0
         2     8       0   10
 28      1     1       5    0
         2     9       0    8
 29      1     3       0    5
         2     7      10    0
 30      1     7       0    5
         2     9       9    0
 31      1     3       6    0
         2    10       4    0
 32      1     6       0    6
         2    10       4    0
 33      1     4       0    2
         2     6       4    0
 34      1     1       0    6
         2     8       0    1
 35      1     1       0    7
         2     9       4    0
 36      1     2       4    0
         2    10       0    1
 37      1     4       7    0
         2     7       0    5
 38      1     4       7    0
         2     4       0    3
 39      1     6       4    0
         2    10       0    7
 40      1     9       0    9
         2    10       0    8
 41      1     3       3    0
         2    10       0    1
 42      1     1       0    6
         2     5       0    5
 43      1     1       7    0
         2     5       0    3
 44      1     3       6    0
         2     6       1    0
 45      1     6       3    0
         2     6       0    9
 46      1     1       0    3
         2     2       0    2
 47      1     6       7    0
         2     6       0    8
 48      1     1       7    0
         2     6       4    0
 49      1     2       8    0
         2     9       4    0
 50      1     3       0    7
         2     8       0    6
 51      1     2       0    5
         2     2       7    0
 52      1     0       0    0
************************************************************************
RESOURCEAVAILABILITIES:
  R 1  R 2
   14   19
************************************************************************
