************************************************************************
file with basedata            : 50J2M2R.BAS
initial value random generator: 4521
************************************************************************
projects                      :  1
jobs (incl. supersource/sink ):  52
horizon                       :  378
RESOURCES
  - renewable                 :  2   R
  - nonrenewable              :  0   N
  - doubly constrained        :  0   D
************************************************************************
PROJECT INFORMATION:
pronr.  #jobs rel.date duedate tardcost  MPM-Time
    1     50      0       48        4       48
************************************************************************
PRECEDENCE RELATIONS:
jobnr.    #modes  #successors   successors
   1        1          3           2   3   4
   2        2          3          16  32  41
   3        2          3           9  35  38
   4        2          3           5   8  12
   5        2          3           6  22  24
   6        2          2           7  28
   7        2          3          10  15  40
   8        2          1          31
   9        2          3          11  20  46
  10        2          3          30  34  42
  11        2          1          17
  12        2          1          13
  13        2          1          14
  14        2          1          18
  15        2          2          21  44
  16        2          1          19
  17        2          3          26  27  37
  18        2          1          30
  19        2          1          30
  20        2          2          42  49
  21        2          1          23
  22        2          2          29  33
  23        2          1          35
  24        2          2          25  36
  25        2          1          35
  26        2          1          51
  27        2          1          31
  28        2          3          31  33  50
  29        2          1          37
  30        2          1          45
  31        2          1          34
  32        2          1          47
  33        2          1          39
  34        2          2          36  45
  35        2          1          37
  36        2          1          39
  37        2          1          43
  38        2          1          45
  39        2          1          48
  40        2          1          51
  41        2          1          44
  42        2          1          47
  43        2          1          47
  44        2          1          49
  45        2          1          48
  46        2          1          49
  47        2          2          48  50
  48        2          1          51
  49        2          1          50
  50        2          1          52
  51        2          1          52
  52        1          0        
************************************************************************
REQUESTS/DURATIONS:
jobnr. mode duration  R 1  R 2
------------------------------------------------------------------------
  1      1     0       0    0
  2      1     1       6    0
         2     2       1    0
  3      1     3       5    0
         2     9       4    0
  4      1     4       4    0
         2     8       3    0
  5      1     3       0    7
         2     9       0    6
  6      1     2       0    3
         2     5       0    1
  7      1     6       0    5
         2     8       8    0
  8      1     3       0    2
         2     8       4    0
  9      1     1       7    0
         2     8       0    4
 10      1     6       7    0
         2     9       0    5
 11      1     9       5    0
         2    10       0    6
 12      1     5       0    3
         2     8       5    0
 13      1     2       9    0
         2     9       0    6
 14      1     6       6    0
         2    10       0    8
 15      1     7       3    0
         2     8       0   10
 16      1     1       0    6
         2     4       0    5
 17      1     9       0    7
         2    10       4    0
 18      1     6       2    0
         2     8       0    1
 19      1     6       0    7
         2     9       0    6
 20      1     2       6    0
         2    10       5    0
 21      1     3       9    0
         2     7       0    5
 22      1     3       0    2
         2     9       8    0
 23      1     7       0    7
         2     8       6    0
 24      1     4       6    0
         2    10       0    3
 25      1     2       0    7
         2     5       3    0
 26      1     1       0    4
         2     6       7    0
 27      1     6       0   10
         2     8       1    0
 28      1     2       8    0
         2     5       0    7
 29      1     3       5    0
         2     6       1    0
 30      1     9       6    0
         2    10       0    7
 31      1     5       7    0
         2     7       0    8
 32      1     5       0    6
         2     6       0    3
 33      1     2       0    7
         2     5       0    6
 34      1     3       7    0
         2    10       5    0
 35      1     5       4    0
         2     7       0    5
 36      1     2       0    9
         2     7       8    0
 37      1     1       0   10
         2     3       6    0
 38      1     4       3    0
         2     9       0    3
 39      1     3       6    0
         2     7       4    0
 40      1     5       0    9
         2     6       9    0
 41      1     1       9    0
         2     6       8    0
 42      1     7       0    4
         2     9       4    0
 43      1     1      10    0
         2    10       0    5
 44      1     3       9    0
         2     4       7    0
 45      1     4       0    5
         2    10       8    0
 46      1     9       0    5
         2     9       6    0
 47      1     4       0    2
         2     8       0    1
 48      1     1       9    0
         2     2       0    7
 49      1     6       0    7
         2     9       5    0
 50      1     2       8    0
         2     8       0    8
 51      1     4       6    0
         2    10       4    0
 52      1     0       0    0
************************************************************************
RESOURCEAVAILABILITIES:
  R 1  R 2
   16   15
************************************************************************
